g++ -std=c++23 -Wall -Wextra -Wpedantic -O3 -fopenmp -Iinclude tests/test3_computeLeafCapacity.cpp build/force_calculator_barnes_hut.o build/force_calculator_barnes_hut_optimized.o build/force_calculator_naive.o build/integrator_euler.o build/integrator_euler-cromer.o build/integrator_leapfrog.o build/integrator_rk4.o build/integrator_velocity_verlet.o -o build/test3_computeLeafCapacity
./build/test3_computeLeafCapacity

=============================================================
Particle Count : 100
=============================================================

================ Fastest =================

Leaf    Time(ms)       Avg Rel Error     Max Rel Error     
8       0.0464529      0.005228          0.0505645         
4       0.0470224      0.00582144        0.0584757         
2       0.0562638      0.00629488        0.0615935         
16      0.0586985      0.00183181        0.0114019         
64      0.0592587      0.000530211       0.00528261        
32      0.0600862      0.000530211       0.00528261        
1       0.0634767      0.0065449         0.0678296         

============== Most Accurate ==============

Leaf    Avg Rel Error     Max Rel Error     Time(ms)       
32      0.000530211       0.00528261        0.0600862      
64      0.000530211       0.00528261        0.0592587      
16      0.00183181        0.0114019         0.0586985      
8       0.005228          0.0505645         0.0464529      
4       0.00582144        0.0584757         0.0470224      
2       0.00629488        0.0615935         0.0562638      
1       0.0065449         0.0678296         0.0634767      

=============================================================
Particle Count : 500
=============================================================

================ Fastest =================

Leaf    Time(ms)       Avg Rel Error     Max Rel Error     
32      0.220877       0.0035425         0.039476          
8       0.227176       0.00480985        0.051087          
16      0.234268       0.00365874        0.0406936         
4       0.308333       0.00543138        0.0598093         
2       0.327198       0.00579947        0.0612392         
64      0.346682       0.00262662        0.02658           
1       0.442988       0.00603261        0.0711232         

============== Most Accurate ==============

Leaf    Avg Rel Error     Max Rel Error     Time(ms)       
64      0.00262662        0.02658           0.346682       
32      0.0035425         0.039476          0.220877       
16      0.00365874        0.0406936         0.234268       
8       0.00480985        0.051087          0.227176       
4       0.00543138        0.0598093         0.308333       
2       0.00579947        0.0612392         0.327198       
1       0.00603261        0.0711232         0.442988       

=============================================================
Particle Count : 1000
=============================================================

================ Fastest =================

Leaf    Time(ms)       Avg Rel Error     Max Rel Error     
16      0.753746       0.00368558        0.0380425         
32      0.77491        0.00264554        0.0307447         
64      0.788654       0.00264554        0.0307447         
8       0.803306       0.00444975        0.0466571         
4       0.887201       0.00465358        0.0464035         
2       1.05347        0.00501186        0.0500394         
1       1.15709        0.00518301        0.0542558         

============== Most Accurate ==============

Leaf    Avg Rel Error     Max Rel Error     Time(ms)       
32      0.00264554        0.0307447         0.77491        
64      0.00264554        0.0307447         0.788654       
16      0.00368558        0.0380425         0.753746       
8       0.00444975        0.0466571         0.803306       
4       0.00465358        0.0464035         0.887201       
2       0.00501186        0.0500394         1.05347        
1       0.00518301        0.0542558         1.15709        

=============================================================
Particle Count : 5000
=============================================================

================ Fastest =================

Leaf    Time(ms)       Avg Rel Error     Max Rel Error     
32      5.43923        0.0024869         0.0353464         
16      5.48427        0.00255743        0.0350458         
8       5.58308        0.00323858        0.0389456         
64      5.65566        0.00245127        0.0357964         
4       5.80345        0.00341964        0.0390456         
2       6.35877        0.00355567        0.045128          
1       7.47871        0.00364556        0.0580513         

============== Most Accurate ==============

Leaf    Avg Rel Error     Max Rel Error     Time(ms)       
64      0.00245127        0.0357964         5.65566        
32      0.0024869         0.0353464         5.43923        
16      0.00255743        0.0350458         5.48427        
8       0.00323858        0.0389456         5.58308        
4       0.00341964        0.0390456         5.80345        
2       0.00355567        0.045128          6.35877        
1       0.00364556        0.0580513         7.47871        

=============================================================
Particle Count : 10000
=============================================================

================ Fastest =================

Leaf    Time(ms)       Avg Rel Error     Max Rel Error     
8       12.8834        0.00271463        0.0447811         
16      13.2034        0.00258948        0.052243          
4       13.4132        0.0028349         0.0461353         
2       15.7711        0.00300195        0.0970537         
32      16.5403        0.00182569        0.0570094         
64      16.5642        0.0018189         0.0579616         
1       18.2756        0.00307828        0.0962821         

============== Most Accurate ==============

Leaf    Avg Rel Error     Max Rel Error     Time(ms)       
64      0.0018189         0.0579616         16.5642        
32      0.00182569        0.0570094         16.5403        
16      0.00258948        0.052243          13.2034        
8       0.00271463        0.0447811         12.8834        
4       0.0028349         0.0461353         13.4132        
2       0.00300195        0.0970537         15.7711        
1       0.00307828        0.0962821         18.2756        
